user_id	accuracy
1	29.78680169
2	418.05549534
3	299.35073231
4	966.30945672
5	244.8212651
6	147.27970203
7	122.90773779
8	17724.24980561
9	417.99624992
10	2653.84761882
11	1613.82683983
12	184.09560929
13	137.55146958
14	1492.60892406
15	1695.24519108
16	1137.1849175
17	52.21294168
18	299.32110449
19	43.49708987
20	534.68390582
21	684.59390804
22	285.66750798
23	590.76828888
24	75.99551948
25	4575.43313876
26	13.56944821
27	44.94617056
28	182.77524132
29	782.16670312
30	148.97130953
31	42.37349398
32	2.82087785
33	102.65804168
34	212.69026852
35	495.641673
36	12.58490566
37	261.89176752
