user_id	accuracy
1	3153.04812072
2	235.06557377
3	21599.0
4	4.21935585
5	8640.9015748
6	11631.48052394
7	83.90956588
8	458.7826087
9	8.19570759
10	27.32047317
11	4192.41144722
12	6595.36501796
13	1461.5
14	12869.85550813
15	17.65128379
16	140.84842386
17	16.70568042
18	106.99865742
19	29.82377853
20	0.88647063
21	33106.14285714
22	1.69383304
23	5633.7826087
24	30.74745849
25	9929.47619048
26	26.07254634
27	1349.0
28	2699.0
29	1619.0
30	9.8276337
31	1996.82640265
32	6559.8413666
33	39.47416438
34	18.7917394
35	13060.20239455
36	5399.0
37	2294.16064595
38	215999.0
39	964.64935065
