n_procs	jobs_number
1.0	72513
2.0	67249
3.0	5638
4.0	21158
5.0	3116
6.0	4891
7.0	1699
8.0	13786
9.0	2010
10.0	1804
11.0	1390
12.0	2416
13.0	1463
14.0	1426
15.0	1429
16.0	6628
17.0	181
18.0	411
19.0	34
20.0	261
21.0	30
22.0	104
23.0	27
24.0	296
25.0	327
26.0	17
27.0	23
28.0	14
29.0	9
30.0	22
31.0	2
32.0	2297
33.0	73
36.0	9
40.0	50
42.0	10
45.0	18
48.0	153
49.0	15
50.0	253
55.0	50
56.0	18
57.0	1
59.0	1
60.0	5
61.0	2
62.0	2
64.0	494
65.0	5
66.0	44
71.0	1
72.0	3
74.0	4
78.0	1
80.0	4
88.0	3
96.0	53
100.0	43
104.0	3
112.0	4
120.0	5
124.0	1
126.0	1
128.0	102
