user_id	accuracy
1	109.94769225
2	485.57855808
3	182.47325403
4	47.54394091
5	169.66666667
6	190.01111148
7	68.76866941
8	899.0
9	37.41767372
10	149.0
11	57.09068044
12	240.65576785
13	9689.16222956
14	234.51533387
15	92.2362201
16	101.28737512
17	0.0654828
18	136.20428781
19	106.01922097
20	1122.6728723
21	60.08957945
22	98.22754878
23	1204.06263103
24	43.84848485
25	119.24825359
26	38.53932741
27	71.41633716
28	54.65597763
29	71.0646978
30	134.55799905
31	198.94096546
32	103.2494421
33	186.57121521
34	157.7869668
35	79.0
36	1.3772E-4
37	97.58522619
38	10.67330181
39	287.84863118
40	449.50055494
41	100.08090101
42	2354.18503797
43	137.7124325
44	86.27388481
45	92.6011463
46	402.33333333
47	283.84586538
48	200.23426816
49	114.15804701
50	899.0
51	127.04580769
52	354.84098276
53	325.84137291
54	28.47893819
55	899.0
56	17.57088618
57	565.77520182
58	16.00850432
59	3.17112299
60	33.13780733
61	86.30544623
62	279.0
63	68.01519153
64	395.93810059
65	118.64301787
66	2.45326351
67	46.72316121
68	41.28834521
69	217.85101652
70	218.58947722
71	639.0
72	67.52521665
73	152.50649689
74	77.36127134
75	84.23582655
76	98.00475001
77	71.9805092
78	67.6019767
79	84.42198303
80	74.28591235
81	49.58443825
82	71.84522465
83	121.70767883
84	98.85904455
85	61.7197686
86	70.58144528
87	65.95057795
88	84.09131015
89	8.0253301
90	82.76150345
91	70.67393517
92	89.23239141
93	140.59676154
94	303.54332735
95	283.06632889
96	84.56691955
97	126.00264799
98	8140.86265504
99	16.69781569
100	84.1161093
101	16.01992056
102	123.74408928
103	775.28110619
104	83.6249183
105	48.79186313
106	63.52704572
107	62.92255746
108	42.33706897
109	24.38520221
110	33.92503896
111	159.13082341
112	104.48029187
113	49.45471101
114	26.69024874
115	95.27054085
116	14.47868919
117	7.67095883
118	104.3252813
119	43.92378418
120	332.16049191
121	159.14863989
122	42.64636937
123	203.83128126
124	284.03568434
125	79.68749927
126	13.44096517
127	44.95739677
128	120.38439793
129	449.0
130	188.48530573
131	620.60404251
132	50.07371936
133	88.66202526
134	818.47048215
135	95.43370463
136	259.99963545
137	102.80100027
138	49.27105545
139	92.82347552
140	88.03593846
141	31.9321303
142	37.64285714
143	899.0
144	369.95962432
145	40.18615858
146	743.59259259
147	2175.10611701
148	144.9918122
